$control
task=optimize
task=hessian
theory=dft
basis=b2n.in
$end


$molecule
 z-matrix
   8
   1    1    0.97036538
   1    1    0.97036538    2    102.983719
$end
 Energy =    -76.3711667750
  dipole =   0.763073 au (  1.939554 D)
$Energy
 E=-7.6371166798188e+01
 D=-6.49327814e-13  7.63072301e-01 -8.26696945e-13
 A=-7.82969070e+00
    4.09526969e-12 -6.22773588e+00
   -1.70444257e-12  7.89883730e-13 -3.83882484e+00
 G= 1.85161267e-13  8.88162382e-07 -3.90354055e-13
    1.05947173e-06 -4.44081289e-07  1.91580977e-13
   -1.05947191e-06 -4.44081095e-07  1.98772136e-13
 Dx=-4.02548139e-01 -2.61889023e-12 -9.03398601e-13
    -2.88539630e-12 -2.99731088e-01 -7.02871224e-13
    -7.29613788e-13 -1.88460661e-12 -6.68318339e-01
     2.01274070e-01 -9.74485396e-02  1.17454319e-12
    -1.05755268e-01  1.49865544e-01  2.73531402e-13
     1.31218681e-12  1.12935352e-12  3.34159169e-01
     2.01274070e-01  9.74485396e-02 -2.71124828e-13
     1.05755268e-01  1.49865544e-01  4.29319561e-13
    -5.82555011e-13  7.55263250e-13  3.34159169e-01
 H= 6.42940536e-01  6.74954969e-13  4.48006178e-01  9.31230298e-14  8.05499562e-14  3.38319618e-06
   -3.21470268e-01 -1.94813744e-01 -4.28232664e-13  3.54633527e-01 -2.55815167e-01 -2.24003089e-01
    4.96685560e-15  2.25314455e-01  2.13755992e-01 -1.78976237e-13 -1.87760609e-14 -1.69159809e-06
    3.13635886e-13 -1.12912087e-14  9.13650884e-06 -3.21470268e-01  1.94813744e-01  3.35117252e-13
   -3.31632595e-02  3.05007115e-02 -1.34666570e-13  3.54633527e-01  2.55815167e-01 -2.24003089e-01
   -8.55206085e-14 -3.05007115e-02  1.02470970e-02  3.00721094e-14 -2.25314455e-01  2.13755992e-01
    8.58588386e-14 -6.17821700e-14 -1.69159861e-06  1.14596607e-13  6.32989032e-15 -7.44491075e-06
   -2.00454038e-13  5.54575680e-14  9.13650936e-06
$end
