$control
task=optimize
task=hessian
theory=dft
basis=b2n.in
$end


$molecule
 z-matrix
   6
  17    1    1.79994399
  17    1    1.79994054    2    109.468466
  17    1    1.79993079    2    109.472212    3    120.000205
  17    1    1.79993079    2    109.472212    3   -120.000205
$end
 Energy =  -1878.1695044202
$Energy
 E=-1.8781695044202e+03
 D=-3.13197871e-05  4.07358963e-10 -1.25063656e-06
 A=-5.12056267e+01
    2.76234195e-09 -5.12039617e+01
   -2.19929001e-05 -8.31855549e-09 -5.12038650e+01
 G=-4.50138445e-06  1.44263101e-10 -3.20363149e-07
   -4.56804925e-05 -5.02175358e-11 -4.59501231e-05
   -4.47963018e-05  3.29437269e-11  4.70260020e-05
    4.74890851e-05 -4.68781346e-05 -3.77784849e-07
    4.74890937e-05  4.68780076e-05 -3.77730869e-07
 Dx= 1.53249018e+00  1.76006380e-06 -8.70943218e-07
     1.71264578e-06  1.53241745e+00 -1.95017619e-08
    -1.39588030e-06 -1.95262143e-08  1.53239325e+00
    -3.91224857e-01 -6.19763751e-07 -3.72110851e-01
     3.44679817e-06 -1.21929643e-01 -3.69915280e-08
    -3.72066303e-01 -5.01098680e-07 -6.36169481e-01
    -3.75085332e-01 -6.09188459e-07  3.66406305e-01
     3.55229532e-06 -1.21928666e-01 -3.77123768e-08
     3.66359906e-01  5.14924435e-07 -6.52307518e-01
    -3.83089922e-01  3.69319450e-01  2.85270804e-03
     3.69295551e-01 -6.44274368e-01 -4.03345350e-03
     2.85381317e-03 -4.03527801e-03 -1.21958127e-01
    -3.83257546e-01 -3.69041733e-01  2.85211610e-03
    -3.69167135e-01 -6.44021905e-01  4.03205301e-03
     2.85330407e-03  4.03200226e-03 -1.22180198e-01
 H= 2.02492768e-01  3.44973135e-10  2.02384904e-01 -1.90765430e-06  2.59062597e-11  2.02373854e-01
   -5.12518661e-02 -9.99473697e-11 -2.91105723e-02  7.82203695e-02  9.23644312e-10 -3.01594520e-02
    5.70503458e-11 -3.71527634e-10  3.38830228e-02 -2.91077092e-02 -9.74188247e-12 -7.03917397e-02
    6.12163738e-02 -2.94657507e-10  1.18500198e-01 -4.99964523e-02 -2.20921014e-10  2.86649144e-02
    7.86948152e-03 -3.24555272e-10 -3.00512019e-03  7.55731547e-02  7.98288491e-10 -3.01584576e-02
    6.86101272e-11 -3.46489775e-10  5.45178281e-03 -2.67471829e-10 -2.33053623e-10  3.38828386e-02
    2.86624616e-02  1.12054773e-10 -7.16596631e-02  1.96714736e-03  2.52587806e-10 -3.96261249e-02
   -6.02789184e-02  1.87383008e-10  1.21160501e-01 -5.06222246e-02  2.88968187e-02  2.23782898e-04
   -1.74189925e-02  1.73312586e-02 -1.45517722e-02 -1.67230920e-02  1.70204563e-02  1.48246547e-02
    7.68893571e-02  2.88934564e-02 -7.10334962e-02 -3.14538818e-04  1.48084548e-02 -4.58767431e-03
    1.05620209e-02  1.45742687e-02 -4.58807937e-03 -1.08830944e-02 -6.07623568e-02  1.19840272e-01
    2.23577701e-04 -3.14963095e-04 -3.01612256e-02 -1.70364744e-02  1.40355054e-02 -4.24116675e-03
    1.73095621e-02 -1.44104642e-02 -4.93735638e-03 -4.69602584e-04  6.62767015e-04  3.38876786e-02
   -5.06217465e-02 -2.88999530e-02  2.23805615e-04 -1.74195798e-02 -1.73273631e-02 -1.45495371e-02
   -1.67238002e-02 -1.70165859e-02  1.48224406e-02  7.87567519e-03  2.48151677e-03 -2.71061295e-05
    7.68895455e-02 -2.88964681e-02 -7.10354008e-02  3.14571523e-04 -1.48080222e-02 -4.58654475e-03
   -1.05622159e-02 -1.45738320e-02 -4.58694980e-03  1.08832799e-02 -2.48406295e-03 -3.96314154e-02
    2.71317932e-05  6.07624134e-02  1.19840337e-01  2.23600473e-04  3.14997213e-04 -3.01586409e-02
   -1.70331532e-02 -1.40343968e-02 -4.24092684e-03  1.73062617e-02  1.44092708e-02 -4.93699551e-03
   -2.71060665e-05 -2.71039266e-05  5.44884137e-03 -4.69603452e-04 -6.62767523e-04  3.38877652e-02
$end
