$control
task=optimize
task=hessian
theory=dft
basis=b2n.in
$end


$molecule
 z-matrix
   6
   9    1    1.33494129
   9    1    1.33495159    2    109.470341
   9    1    1.33495468    2    109.471132    3    119.999982
   9    1    1.33495468    2    109.471132    3   -119.999982
$end
 Energy =   -437.2516588964
$Energy
 E=-4.3725165889639e+02
 D= 1.09359513e-05  1.00645242e-09  3.80193693e-06
 A=-1.25981841e+01
   -2.98898340e-09 -1.25981829e+01
    1.49625320e-05  1.15147915e-08 -1.25979216e+01
 G=-1.79712802e-06  5.82137708e-11  9.71148448e-07
   -2.06429277e-05 -4.30468891e-11 -8.60220070e-05
   -6.29780733e-05  3.26882203e-11  5.26162101e-05
    4.27090924e-05 -6.44098609e-05  1.62173067e-05
    4.27090365e-05  6.44098131e-05  1.62173418e-05
 Dx= 2.03234914e+00 -4.18693585e-06 -7.65718583e-06
    -4.19349525e-06  2.03234636e+00 -5.01471608e-07
    -7.96183404e-06 -4.93632879e-07  2.03236159e+00
    -3.62929612e-01 -3.03698307e-06 -1.53081222e-01
    -1.56375375e-06 -3.18280034e-01 -2.90415927e-07
    -1.53071081e-01  6.37442106e-07 -8.43060025e-01
    -6.93490945e-01  1.47777323e-06  2.69960846e-01
    -1.53211178e-06 -3.18269517e-01 -2.80804257e-07
     2.69958374e-01 -4.45559243e-07 -5.12490534e-01
    -4.87965853e-01  2.53791091e-01 -5.84360199e-02
     2.53797251e-01 -6.97902508e-01  8.74080445e-02
    -5.84405512e-02  8.74024089e-02 -3.38405624e-01
    -4.87995172e-01 -2.53800154e-01 -5.84381814e-02
    -2.53805235e-01 -6.97941404e-01 -8.74111061e-02
    -5.84418277e-02 -8.74073493e-02 -3.38429360e-01
 H= 5.75795025e-01  2.71051152e-09  5.75779361e-01 -1.17857436e-05 -2.89328266e-10  5.75804824e-01
   -9.86523633e-02  1.17539320e-09 -4.77333677e-02  1.04567293e-01  5.48107893e-10 -8.47514003e-02
    3.22896420e-10  5.50212030e-10  7.99179933e-02 -4.77759944e-02 -2.61634729e-10 -2.48413657e-01
    8.46588006e-02 -2.80133361e-10  3.70014311e-01 -2.01758983e-01 -9.74119380e-10  8.41525133e-02
    9.34531668e-03 -1.90370102e-10  1.89237580e-02  2.87329237e-01  4.84900351e-10 -8.47994276e-02
    2.29825942e-10  2.90312313e-10  1.55614383e-02 -8.84037142e-11 -1.48570983e-10  7.99635086e-02
    8.41585280e-02  3.76307561e-10 -1.45286393e-01  3.97982777e-02 -2.53111803e-13 -6.57892643e-02
   -1.49208351e-01 -8.43482834e-11  1.87241931e-01 -1.37691838e-01  7.91697779e-02 -1.82036799e-02
   -7.63012255e-03  2.50248199e-02 -2.79032822e-02 -4.74577855e-02  4.59710689e-02  1.26257726e-02
    1.73749562e-01  7.91548620e-02 -2.03114264e-01  2.72478213e-02  1.99676853e-02 -5.36401494e-03
    2.53121552e-02  3.13114652e-02 -5.36275898e-03 -7.65335728e-03 -1.40299840e-01  2.89746094e-01
   -1.81853736e-02  2.72406414e-02 -9.10523863e-02 -3.83618550e-02  4.26621430e-02 -2.79056946e-02
    2.30660397e-02 -1.82005772e-02  1.19168633e-02  3.22761262e-02 -4.83044129e-02  9.10791828e-02
   -1.37702397e-01 -7.91872976e-02 -1.82077164e-02 -7.62651448e-03 -2.50207482e-02 -2.78941970e-02
   -4.74483290e-02 -4.59666084e-02  1.26210740e-02  1.90275048e-02  9.87455877e-03  1.20465453e-03
    1.73749908e-01 -7.91723841e-02 -2.03139313e-01 -2.72538590e-02 -1.99605541e-02 -5.35971789e-03
   -2.52996339e-02 -3.12981276e-02 -5.35845465e-03  7.64788714e-03 -9.86902968e-03 -7.58889941e-02
   -3.39889435e-03  1.40300347e-01  2.89746859e-01 -1.81894080e-02 -2.72466728e-02 -9.10526212e-02
   -3.83590814e-02 -4.26601157e-02 -2.79018538e-02  2.30676514e-02  1.82014885e-02  1.19148635e-02
    1.20465320e-03  3.40079986e-03  1.59604052e-02  3.22762429e-02  4.83045868e-02  9.10792291e-02
$end
