$control
task=optimize
task=hessian
theory=dft
basis=b2n.in
$end


$molecule
 charge=-1
 z-matrix
  17
   8    1    1.81631111
$end
 Energy =   -535.1281016157
  dipole =   0.317297 au (  0.806495 D)
$Energy
 E=-5.3512810161565e+02
 D= 3.17296956e-01 -2.80893841e-10 -4.05664729e-11
 A=-2.33779121e+01
    2.21751469e-10 -7.43058675e+00
    4.67413928e-11  3.02689818e-12 -7.43058675e+00
 G=-2.65178144e-05 -4.70097639e-11 -7.92333758e-12
    2.65178144e-05  4.70097639e-11  7.92333758e-12
 Dx=-7.50787605e-01  2.18477948e-10  2.42183566e-11
     6.46340210e-10 -4.07653953e-01  1.52849711e-12
     8.42407260e-11 -3.94629018e-12 -4.07653953e-01
    -2.49212395e-01 -2.18477953e-10 -2.42183460e-11
    -6.46340211e-10 -5.92346047e-01 -1.52851272e-12
    -8.42407348e-11  3.94628671e-12 -5.92346047e-01
 H= 1.19057805e-01  8.31522021e-11 -8.49043079e-06  1.36206538e-11 -5.37339831e-13 -8.49043689e-06
   -1.19057805e-01 -8.31522029e-11 -1.36206532e-11  1.19057805e-01 -8.31522021e-11  8.49043430e-06
    5.37336829e-13  8.31522024e-11 -8.49043440e-06 -1.36206544e-11  5.37349381e-13  8.49043888e-06
    1.36206540e-11 -5.37342874e-13 -8.49043868e-06
$end
