$control
task=optimize
task=hessian
theory=dft
basis=b2n.in
$end


$molecule
 charge=-1
 z-matrix
  17
   8    1    1.66094289
   8    1    1.66094309    2    119.174650
$end
 Energy =   -610.2236136181
  dipole =   0.633121 au (  1.609246 D)
$Energy
 E=-6.1022361361814e+02
 D= 8.47168489e-07 -6.33121074e-01  1.15326719e-10
 A=-3.39080026e+01
    1.04320504e-06 -1.45952328e+01
   -6.07006313e-09  3.53223283e-10 -8.30044882e+00
 G= 8.82868036e-08 -1.13093349e-05 -2.32788318e-11
    6.70472525e-06  5.63190533e-06 -7.94424635e-12
   -6.79301206e-06  5.67742954e-06  3.12230778e-11
 Dx= 9.45689911e-01 -1.82005373e-08 -4.77765163e-10
     1.67837551e-07  7.17591051e-02  5.65226779e-12
     6.57144684e-10  6.91527289e-11  6.51004568e-02
    -9.72845039e-01  4.16421908e-02  2.56172509e-10
    -2.58474266e-01 -5.35879439e-01  9.64409422e-11
    -3.22028956e-10  4.73623242e-11 -5.32550105e-01
    -9.72844872e-01 -4.16421726e-02  2.21592649e-10
     2.58474098e-01 -5.35879666e-01 -1.02093207e-10
    -3.35115749e-10 -1.16515031e-10 -5.32550351e-01
 H= 2.95294715e-01  1.38275515e-07  1.87385359e-01 -3.08346672e-10  1.01535654e-11  9.26970990e-05
   -1.47647446e-01 -7.74599298e-02  1.57637763e-10  1.47294239e-01 -8.66881371e-02 -9.36927225e-02
   -1.36992371e-10  8.20740279e-02  7.22823931e-02  1.64455257e-10 -2.40397725e-10 -4.63277227e-05
   -1.52458136e-10  1.81426268e-10  4.50850126e-05 -1.47647269e-01  7.74597915e-02  1.50708913e-10
    3.53206929e-04  4.61410926e-03 -1.19971180e-11  1.47294063e-01  8.66879988e-02 -9.36926367e-02
    1.26838802e-10 -4.61409806e-03  2.14103294e-02  5.89714592e-11 -8.20739008e-02  7.22823072e-02
    1.43891416e-10  2.30244152e-10 -4.63693858e-05 -5.17962274e-12 -4.44338956e-11  1.24270983e-06
   -1.38711798e-10 -1.85810260e-10  4.51266745e-05
$end
