$control
task=optimize
task=hessian
theory=dft
basis=b2n.in
$end


$molecule
 charge=-1
 z-matrix
  17
   8    1    1.55995629
   8    1    1.55995265    2    108.619485
   8    1    1.55995265    2    108.619485    3    117.973630
$end
 Energy =   -685.3616395669
  dipole =   0.613193 au (  1.558593 D)
$Energy
 E=-6.8536163956695e+02
 D=-2.30104994e-07 -2.27397585e-05 -6.13192975e-01
 A=-2.74777821e+01
    7.15717799e-07 -2.74773731e+01
   -2.13437538e-07 -5.04380177e-05 -1.27447841e+01
 G=-5.81543509e-08 -6.31525233e-06 -1.37213769e-04
    1.11682602e-08 -3.51780799e-05  4.70819102e-05
    3.07071622e-05  2.07537748e-05  4.50529302e-05
   -3.06601761e-05  2.07395574e-05  4.50789287e-05
 Dx= 1.65907580e+00  2.57415661e-08 -3.37144536e-08
     2.58859684e-08  1.65903986e+00 -1.01725601e-05
    -5.86685729e-08 -7.80047452e-06  6.30081983e-01
    -5.39108887e-01  7.09469338e-09  5.92867076e-09
     5.76120755e-08 -1.23359639e+00 -4.03068995e-02
     2.41394720e-08 -3.23195577e-01 -5.43362108e-01
    -1.05998349e+00 -3.00735926e-01  3.49137789e-02
    -3.00727912e-01 -7.12721698e-01  2.01585406e-02
     2.79900026e-01  1.61601685e-01 -5.43359897e-01
    -1.05998343e+00  3.00735893e-01 -3.49137511e-02
     3.00727828e-01 -7.12721777e-01  2.01585315e-02
    -2.79899991e-01  1.61601693e-01 -5.43359978e-01
 H= 4.69512868e-01  1.13099216e-08  4.69493127e-01 -3.10890928e-08 -1.65216818e-05  3.75972579e-01
   -5.96328225e-02  1.43619519e-09  2.54139319e-09  4.65072156e-02  1.76000906e-08 -2.53369012e-01
   -8.53760573e-02 -1.12629907e-08  2.66006969e-01  6.52264338e-09 -1.15803915e-01 -1.25326267e-01
    3.41348177e-10  9.09597327e-02  7.03458721e-02 -2.04940035e-01 -8.38884955e-02  7.39465484e-02
    6.56280430e-03  7.70523740e-04 -3.94861187e-03  2.11132828e-01 -8.38892324e-02 -1.08062047e-01
    4.26962963e-02 -2.30810819e-02 -6.31897653e-03  1.24220889e-02  9.50441428e-02  1.01377641e-01
    1.00293244e-01  5.79102217e-02 -1.25323155e-01 -1.27327683e-02 -2.79183335e-03  2.74901970e-02
   -7.87792052e-02 -4.54878004e-02  7.03440908e-02 -2.04940010e-01  8.38884828e-02 -7.39465198e-02
    6.56280256e-03 -7.70530077e-04  3.94860500e-03 -1.27555966e-02  1.19261715e-02 -8.78127014e-03
    2.11132804e-01  8.38892035e-02 -1.08062067e-01  4.26962827e-02  2.30810918e-02 -6.31897979e-03
    1.24220936e-02 -1.19261711e-02  1.30033827e-02 -9.63058795e-03 -9.50441242e-02  1.01377664e-01
   -1.00293219e-01  5.79102151e-02 -1.25323158e-01  1.27327655e-02 -2.79184207e-03  2.74901975e-02
    8.78126872e-03 -9.63058474e-03  2.74888671e-02  7.87791849e-02 -4.54877883e-02  7.03440929e-02
$end
