$control
task=optimize
task=hessian
theory=dft
basis=b2n.in
$end


$molecule
 charge=-1
 z-matrix
  17
   8    1    1.50627924
   8    1    1.50627190    2    109.471118
   8    1    1.50627640    2    109.471235    3    119.999970
   8    1    1.50627545    2    109.471222    3   -119.999965
$end
 Energy =   -760.4929550240
$Energy
 E=-7.6049295502401e+02
 D= 1.01754781e-05 -6.70570549e-07  1.07141307e-05
 A=-2.52144530e+01
    3.46403558e-06 -2.52144017e+01
   -4.48501959e-06 -6.97544031e-07 -2.52142945e+01
 G= 5.03277753e-06  1.50375574e-06  3.10653720e-06
    5.33833676e-05 -1.36014055e-05  1.94435595e-05
   -2.25104603e-06  2.27501067e-06 -6.24064207e-05
   -3.69526914e-05 -4.23145333e-05  1.78472332e-05
   -1.92124078e-05  5.21371724e-05  2.20090908e-05
 Dx= 2.26089629e+00 -2.45127516e-06  2.41729466e-06
    -7.16043915e-06  2.26089731e+00  9.56282325e-06
     1.07370210e-06  3.14899750e-06  2.26089486e+00
    -1.18077725e+00  1.22610017e-01 -2.06483054e-01
     1.22614010e-01 -6.09316664e-01  4.24301672e-02
    -2.06485855e-01  4.24290087e-02 -6.55573727e-01
    -5.84131852e-01  1.33513111e-04 -2.81628718e-03
     1.32253680e-04 -5.85621179e-01  3.22511147e-02
    -2.81274591e-03  3.22554184e-02 -1.27592559e+00
    -8.45309130e-01 -3.10372518e-01  1.28592894e-01
    -3.10370219e-01 -9.52938172e-01  1.52807822e-01
     1.28593978e-01  1.52811807e-01 -6.47429963e-01
    -6.50697456e-01  1.87412554e-01  8.06098836e-02
     1.87412239e-01 -1.11250138e+00 -2.27233257e-01
     8.06095754e-02 -2.27234487e-01 -6.81948714e-01
 H= 7.68246205e-01 -5.36254580e-06  7.68256750e-01 -8.31627441e-06  5.55141870e-06  7.68261414e-01
   -3.32525498e-01  4.71092968e-02 -7.93320753e-02  3.48448209e-01  4.71061376e-02 -1.12954172e-01
    1.63041548e-02 -5.76235312e-02  7.98689119e-02 -7.93292691e-02  1.62997393e-02 -1.30712791e-01
    9.70436661e-02 -1.99417770e-02  1.01574663e-01 -1.03268428e-01  5.35781345e-05 -1.06830270e-03
    5.78597144e-03  4.10304237e-03 -3.90072303e-02  6.80154743e-02  5.48159429e-05 -1.03833848e-01
    1.23925041e-02  2.25004831e-03  1.71750328e-02  8.56832027e-03 -6.59504493e-05  6.87045317e-02
   -1.09191234e-03  1.23984072e-02 -3.69110784e-01  1.41493778e-03  9.01184083e-04 -7.51520794e-03
    1.33506543e-03 -1.51633805e-02  3.93154903e-01 -2.03616503e-01 -1.19247569e-01  4.94053319e-02
   -1.72476271e-02 -2.99106162e-02  1.01519093e-02  1.27811380e-02 -5.99912791e-03 -1.27318915e-03
    1.90767264e-01 -1.19260932e-01 -2.44972753e-01  5.87139036e-02  4.75015574e-03  1.43685416e-02
    3.23806608e-03 -7.37501621e-03  9.42887596e-03 -2.09862082e-04  1.45867685e-01  2.41335047e-01
    4.94167274e-02  5.87220763e-02 -1.27582495e-01 -1.06995248e-02 -4.47552334e-03  1.83064620e-02
    2.55466816e-02  3.09849394e-02 -6.76433038e-03 -6.04325385e-02 -7.18157210e-02  9.77507640e-02
   -1.28838318e-01  7.21011110e-02  3.10081189e-02 -4.45555434e-03  3.63215030e-02  1.11414787e-02
    1.66863659e-02  3.75868939e-03 -3.91512410e-04  1.73122162e-02 -2.39878609e-02 -3.83000473e-03
    9.92953205e-02  7.21163915e-02 -3.06525754e-01 -8.74295210e-02  3.49705512e-03  1.54992051e-03
   -8.16733669e-03  3.28262616e-03  8.52958637e-03  2.09230272e-03  9.29736957e-03 -2.01426138e-02
   -1.34181445e-02 -8.81935388e-02  3.16589129e-01  3.10175233e-02 -8.74391748e-02 -1.40859731e-01
   -8.43450558e-03  7.21530357e-03  1.83452599e-02  1.31927716e-02 -3.67797431e-02 -9.75716119e-03
    2.15229125e-03  1.00809148e-02  1.82881340e-02 -3.79281220e-02  1.06922816e-01  1.13983546e-01
$end
