$control
task=optimize
task=hessian
theory=dft
basis=b2n.in
$end


$molecule
 z-matrix
   1
  17    1    1.29405161
$end
 Energy =   -460.6340998973
  dipole =   0.503698 au (  1.280283 D)
$Energy
 E=-4.6063409989728e+02
 D= 5.03698182e-01 -4.33575327e-11  2.13359025e-12
 A=-1.39956857e+01
   -2.90080211e-10 -7.04426131e+00
    9.92604192e-10 -7.84186605e-12 -7.04426131e+00
 G= 1.21259716e-05 -1.01716837e-11  7.64433011e-13
   -1.21259716e-05  1.01716837e-11 -7.64433011e-13
 Dx= 1.78425683e-01 -1.47372641e-11  2.92851214e-11
    -1.56005417e-11  2.06016450e-01  1.04960915e-13
    -1.10791328e-11  2.72489326e-13  2.06016450e-01
    -1.78425683e-01  1.47372618e-11 -2.92851046e-11
     1.56005402e-11 -2.06016450e-01 -1.04957445e-13
     1.10791297e-11 -2.72485856e-13 -2.06016450e-01
 H= 3.11031441e-01  4.41240334e-12  2.42874642e-05  4.11018193e-14  2.37677231e-14  2.42874644e-05
   -3.11031441e-01 -4.41240748e-12 -4.10966546e-14  3.11031441e-01 -4.41240372e-12 -2.42874642e-05
   -2.37615283e-14  4.41240446e-12  2.42874601e-05 -4.11017003e-14 -2.37711958e-14 -2.42874644e-05
    4.10965759e-14  2.37677256e-14  2.42874623e-05
$end
