$control
task=optimize
task=hessian
theory=dft
basis=b2n.in
$end


$molecule
 z-matrix
   1
   9    1    0.92916045
$end
 Energy =   -100.3858596457
  dipole =   0.710095 au (  1.804894 D)
$Energy
 E=-1.0038585964568e+02
 D= 7.10094521e-01  1.39400260e-14 -4.09608732e-14
 A=-4.67094609e+00
    5.25283660e-10 -2.06379821e+00
   -2.73481826e-10 -5.44994883e-11 -2.06379821e+00
 G=-8.61019575e-05 -1.61946946e-15  8.54951100e-16
    8.61019575e-05  1.61946946e-15 -8.54951100e-16
 Dx= 2.64329937e-01 -5.97439842e-11  3.10121925e-11
     1.04595573e-10  4.04429950e-01  1.66662817e-12
    -5.17337418e-11  1.56941132e-12  4.04429950e-01
    -2.64329937e-01  5.97439780e-11 -3.10121927e-11
    -1.04595578e-10 -4.04429950e-01 -1.66661776e-12
     5.17337432e-11 -1.56938009e-12 -4.04429950e-01
 H= 5.93635665e-01 -1.24148121e-11 -2.58048586e-05  6.12099934e-12  6.64333092e-13 -2.58048544e-05
   -5.93635665e-01  1.24148122e-11 -6.12100005e-12  5.93635665e-01  1.24148122e-11  2.58048586e-05
   -6.64338767e-13 -1.24148105e-11 -2.58048578e-05 -6.12100269e-12 -6.64327022e-13  2.58048544e-05
    6.12100440e-12  6.64328756e-13 -2.58048536e-05
$end
