$control
task=optimize
task=hessian
theory=dft
basis=b2n.in
$end


$molecule
 z-matrix
   7
  17    1    1.83792484
  17    1    1.83788550    2    107.172203
  17    1    1.83788551    2    107.172606    3    114.767974
$end
 Energy =  -1434.6868516546
  dipole =   0.177484 au (  0.451122 D)
$Energy
 E=-1.4346868516546e+03
 D=-6.52339267e-05  1.49902164e-05  1.77483669e-01
 A=-5.48686289e+01
   -2.80424454e-05 -5.48676238e+01
   -3.90717571e-05 -6.36778790e-06 -2.18318585e+01
 G=-7.02630875e-06  7.51095300e-08 -4.34307026e-06
   -3.05977189e-05  3.19237991e-06  1.65902874e-06
    1.35787570e-05 -3.38623191e-05  1.11333556e-06
    2.40452707e-05  3.05948297e-05  1.57070596e-06
 Dx= 1.40226417e+00  2.23560089e-05 -2.19557646e-05
     1.20488330e-05  1.40229648e+00  1.68358188e-06
    -2.14792829e-05  1.63319509e-05  9.63481565e-02
    -9.14473553e-01  1.16594367e-01 -1.14801405e-01
     1.16595387e-01 -2.04168439e-02  1.47268359e-02
    -4.04952084e-01  5.19471349e-02 -3.21280043e-02
    -1.42910902e-01  3.28823045e-01  4.46541665e-02
     3.28823920e-01 -7.91919575e-01 -1.06798496e-01
     1.57499984e-01 -3.76698326e-01 -3.21121636e-02
    -3.44879716e-01 -4.45439768e-01  7.01691940e-02
    -4.45431356e-01 -5.89960065e-01  9.20699768e-02
     2.47473579e-01  3.24734859e-01 -3.21079886e-02
 H= 1.18726957e-01  1.80718204e-05  1.18701710e-01  9.09203114e-06 -1.03131267e-05  1.34541593e-01
   -5.14249673e-02  3.08699119e-03 -2.82580954e-02  9.10527216e-02  3.07983555e-03 -2.77115643e-02
    3.63078730e-03 -8.14722539e-03  2.85521273e-02 -3.11857361e-02  4.01438871e-03 -4.48444217e-02
    2.30339662e-02 -2.96796338e-03  2.32870107e-02 -3.09552977e-02  8.72887271e-03  1.09854979e-02
   -1.54355883e-02  1.79055337e-02  4.76770714e-03  3.71122160e-02  8.72729578e-03 -4.81717688e-02
   -2.62910850e-02  2.07504020e-02 -4.80242709e-03  4.84253616e-03 -2.29960515e-02  8.24925423e-02
    1.21306628e-02 -2.90253548e-02 -4.48435638e-02  3.40529880e-03  5.88018790e-03  1.07810078e-02
   -8.95750667e-03  2.14391604e-02  2.32816671e-02 -3.63466921e-02 -1.18339357e-02  1.72635055e-02
   -2.41921660e-02 -1.28381439e-02  3.38406268e-03  9.27866994e-03 -6.48164627e-03 -6.57845498e-03
    5.12601882e-02 -1.18252032e-02 -4.28183765e-02  2.26706108e-02 -1.56901678e-02  3.96186406e-03
   -5.88896150e-03 -3.63835494e-03 -2.95183464e-02  1.70600654e-03  3.11537259e-02  6.83748589e-02
    1.90459812e-02  2.50212793e-02 -4.48536076e-02  1.81883036e-03 -6.54301183e-03  1.07764031e-02
   -6.79569837e-03  9.38846340e-06  1.07808888e-02 -1.40691132e-02 -1.84876559e-02  2.32963156e-02
$end
