$control
task=optimize
task=hessian
theory=dft
basis=b2n.in
$end


$molecule
 z-matrix
   7
   9    1    1.42590395
   9    1    1.42590569    2    101.952942
   9    1    1.42590565    2    101.953000    3    105.142242
$end
 Energy =   -353.8965450423
  dipole =   0.108535 au (  0.275872 D)
$Energy
 E=-3.5389654504231e+02
 D=-1.42319601e-07  5.48492112e-07 -1.08535484e-01
 A=-1.55470532e+01
   -1.81096165e-06 -1.55469121e+01
    3.28035135e-07  2.86565242e-06 -7.58301056e+00
 G=-1.39407687e-07  4.14420097e-06 -3.32141918e-05
    4.12595747e-06 -6.41386979e-05  1.35425481e-05
    4.96501055e-05  3.48394348e-05  1.11700918e-05
   -5.36366553e-05  2.51550621e-05  8.50155180e-06
 Dx= 1.43216512e+00 -2.46590737e-06  1.36658724e-06
     8.79129762e-06  1.43216656e+00  4.28633458e-06
     3.03353333e-06  4.31082619e-06  6.66764147e-01
    -1.32430348e-01  2.77351826e-02  3.49357620e-03
     2.77325769e-02 -8.22343689e-01 -8.70311396e-02
     1.76633172e-02 -4.40025242e-01 -2.22251210e-01
    -6.25848873e-01 -3.12607244e-01  7.36247590e-02
    -3.12605695e-01 -3.28930246e-01  4.65397809e-02
     3.72243496e-01  2.35306925e-01 -2.22256315e-01
    -6.73885903e-01  2.84874527e-01 -7.71197018e-02
     2.84864327e-01 -2.80892626e-01  4.04870724e-02
    -3.89909847e-01  2.04714005e-01 -2.22256622e-01
 H= 2.28381547e-01 -2.59517715e-05  2.28359826e-01 -1.22863739e-05 -2.00530013e-05  3.70606192e-01
   -5.78545425e-02  1.47269337e-03  2.31749504e-03  5.83499324e-02  1.47891701e-03 -9.43971352e-02
   -5.77952939e-02 -4.54606908e-03  1.71387555e-01  2.99755310e-03 -7.49226285e-02 -1.23539270e-01
   -2.01072577e-03  5.02520027e-02  6.57932601e-02 -8.39832468e-02 -1.65445698e-02  4.89015790e-02
    2.41101937e-03 -3.11025028e-02 -1.19724484e-02  1.39189042e-01 -1.65379590e-02 -6.82428495e-02
    3.09155314e-02 -3.20726446e-02 -4.11644341e-02  1.18777666e-02  5.12029459e-02  9.05357269e-02
    6.33957811e-02  4.00815239e-02 -1.23530960e-01 -1.65770194e-02  3.10856226e-03  2.88780623e-02
   -4.25193290e-02 -2.68847969e-02  6.57764340e-02 -8.65437576e-02  1.50978282e-02 -5.12067877e-02
   -2.90640928e-03  3.41696549e-02  1.09856211e-02 -5.76168143e-02 -2.59234223e-03 -4.29943268e-03
    1.47066981e-01  1.50849938e-02 -6.57198416e-02  2.68998155e-02  3.51460203e-02 -3.58259853e-02
    1.27928592e-02 -3.55587322e-03  1.88715566e-02 -1.63052892e-02 -4.66751409e-02  8.26742702e-02
   -6.63810478e-02  3.48611576e-02 -1.23535961e-01  1.62702501e-02  4.43472893e-03  2.88679477e-02
    5.59019839e-03 -1.59085011e-02  2.88764638e-02  4.45205993e-02 -2.33873855e-02  6.57915498e-02
$end
